1287896945978032133
1286559248294453252
1286504685432520708
1286503714572734469
1289080921660899333
1289080920436137988
1289080919324688388
1289080918146027524
1289081028233932807
1289081347936419845
1289081319662616580
1289081284845645829
1289081284765999108
1289081212615589892
1289126340029845508
1289126889395634180
1289137180997070852

1289239084800438277
1289239084800438277
1289239084800438277
1289239084800438277
1289239856745295876
1289239849497530372
1289305119683538951
1289305493769338884
1289305979432005636
1289305482536968197
1289313405262733317
1289313482500788229
1289313663803748356
1289313377634799621
1289313333418418180
1289313751292710917
1289313770309787652
1289314484360638468
1308324764025458692
1308325021593473028
1308325455108255749
1308325489388314628
1308325533382369284
1308325111863279620
1308325583877595140
1308325716769951748
1308335654338609156