1286401314088292357
1286194022629875712
1286194022629875712
1286194022629875712
1286193947178487810
1286193947178487810
1286193947178487810
1285993828655063041
1285993828655063041
1285993828655063041
1285298800693665792
1285298800693665792
1285298800693665792
1284978072618283014
1284978072618283014
1284978072618283014
1254656033869279232
1254656033869279232
1254656033869279232
1252442752647704582
1252442752647704582
1252442752647704582
1252430172000710657
1252430172000710657
1252430172000710657
1252422620777082886
1252422620777082886
1252422620777082886
1252417591005466625
1252417591005466625
1252417591005466625
1252413047286587396
1252413047286587396
1252413047286587396
1252362223663497217
1252362223663497217
1252362223663497217
1252274139131375616
1252274139131375616
1286540582555283456
1286401314088292357
1286401314088292357
1286540582555283456
1286542802193494016
1286543950669471746
1286544146736406528
1286544146736406528
1286544146736406528
1286544146736406528
1286544146736406528
1286543950669471746
1286542802193494016
1286542728134660097
1286544146736406528
1286544146736406528
1286540582555283456
1286401314088292357
1286194022629875712
1286193947178487810
1285993828655063041
1285298800693665792
1284978072618283014
1254656033869279232
1252442752647704582
1252430172000710657
1252422620777082886
1252417591005466625
1252413047286587396
1252362223663497217
1252274139131375616
1286544146736406528
1286548574205956097
1286549043871543296